tree
version=v4
num_class=1
num_tree_per_iteration=1
label_index=0
max_feature_idx=68
objective=binary sigmoid:1
feature_names=Column_0 Column_1 Column_2 Column_3 Column_4 Column_5 Column_6 Column_7 Column_8 Column_9 Column_10 Column_11 Column_12 Column_13 Column_14 Column_15 Column_16 Column_17 Column_18 Column_19 Column_20 Column_21 Column_22 Column_23 Column_24 Column_25 Column_26 Column_27 Column_28 Column_29 Column_30 Column_31 Column_32 Column_33 Column_34 Column_35 Column_36 Column_37 Column_38 Column_39 Column_40 Column_41 Column_42 Column_43 Column_44 Column_45 Column_46 Column_47 Column_48 Column_49 Column_50 Column_51 Column_52 Column_53 Column_54 Column_55 Column_56 Column_57 Column_58 Column_59 Column_60 Column_61 Column_62 Column_63 Column_64 Column_65 Column_66 Column_67 Column_68
feature_infos=none none none none [0:3] [0:2621.2900390625] none none [0:6] [0:4852.9599609375] [0.077779829502105713:881.712646484375] none [-778005:21] [-54652764:18661.919921875] [0.014121982268989086:4946.54150390625] none [-778005:71] [-54652764:26575.890625] [0.0071411463432013988:5188.44580078125] none none none none none [0:2] [0:1434.510009765625] none none [0:5] [0:5697.89990234375] [0.0070165237411856651:1723.2686767578125] none [0:18] [0:14470.400390625] [0.0068544503301382065:10228.21484375] none [-778005:389011] [-54652764:30925778] [0.3747628927230835:7893.0732421875] none none none none none [0:2] [0:1434.510009765625] none none [0:5] [0:5697.89990234375] [0.0070165237411856651:1723.2686767578125] none [0:18] [0:14470.400390625] [0.0068544503301382065:10228.21484375] none [-778005:389011] [-54652764:30925778] [0.3747628927230835:7893.0732421875] none none [0:1] [0:6315.22509765625] [0:1] [-5.4764633178710938:-1.7047480344772339] [-77.271430969238281:1793.2972412109375] [0.25943633913993835:1.9084850549697876] [0:18] [-778005:21]
tree_sizes=6695

Tree=0
num_leaves=63
num_cat=0
split_feature=65 13 17 62 14 64 65 65 64 64 65 64 9 36 64 13 17 12 13 64 65 36 14 65 38 64 13 14 65 65 65 65 65 65 65 17 34 17 17 14 65 38 65 36 65 17 17 14 33 36 65 33 38 65 33 13 65 14 14 17 17 17
split_gain=65481 17781.5 5204.8 2041.59 1977.88 1536.63 989.129 942.755 836.476 1145.82 745.189 615.528 584.516 576.258 565.725 392.905 545.745 303.027 386.538 274.855 262.28 250.337 237.849 233.882 217.087 197.116 184.816 182.6 188.345 223.723 174.382 245.239 153.787 146.498 142.497 131.365 123.904 125.369 124.349 112.068 181.835 138.292 110.318 102.938 102.406 102.174 95.7709 91.7231 91.1313 116.286 73.8676 59.5715 54.5079 53.4216 31.1192 28.7416 26.3471 30.3943 25.8964 24.6102 22.6914 42.1089
threshold=1.1697254776954653 1263.1199951171877 1.0000000180025095e-35 120.15944671630861 112.55252075195314 -2.6147879362106319 1.6474643945693972 -0.35937960445880884 -3.1775193214416499 -3.4343454837799068 -0.34399384260177607 -3.5998874902725215 8.5650000572204608 14.500000000000002 -2.5311352014541622 425.48500061035162 1.0000000180025095e-35 3.5000000000000004 269.24000549316412 -2.7432579994201656 -0.32572662830352778 22.500000000000004 107.03193664550783 4.3330028057098398 28.294168472290043 -3.1404058933258052 87.564998626708999 8.1475558280944842 0.29298834502696997 -0.27804154157638544 -0.25562448799610132 0.24616234004497531 -1.0000000180025095e-35 0.23326338082551959 0.97197473049163829 1875.3049926757815 58.593200683593757 1440.1350097656252 479.58000183105474 2.9238867759704594 -0.27355013787746424 44.79936599731446 -0.54985311627387989 1.0000000180025095e-35 -0.24141690135002133 926.47500610351574 241.73500061035159 63.767412185668952 89.220001220703139 25.500000000000004 0.35330292582511907 128.43999481201175 65.097270965576186 0.051837701350450523 6.2349998950958261 50.980001449584968 0.66918179392814647 92.737651824951186 76.817310333251967 295.56999206542974 614.70001220703136 498.22000122070318
decision_type=2 2 2 2 10 2 2 2 2 2 2 2 2 2 2 2 2 2 2 2 2 2 10 2 8 2 2 10 2 2 2 2 2 2 2 2 10 2 2 10 2 10 2 2 2 2 2 8 2 2 2 2 8 2 2 2 2 10 10 2 2 2
left_child=1 2 3 5 7 8 15 11 9 30 21 26 20 32 34 16 -2 18 24 27 -6 25 23 47 -13 -5 -4 28 29 52 -1 -32 -11 44 39 36 37 38 42 40 41 -9 59 -35 -12 -19 -41 -8 54 -50 60 -52 -10 -22 55 -40 57 -48 -47 -26 61 -42
right_child=6 -3 4 10 12 -7 22 14 19 13 33 17 -14 -15 -16 -17 -18 45 -20 -21 53 -23 -24 -25 35 -27 -28 -29 -30 -31 31 -33 -34 43 -36 -37 -38 -39 48 46 50 -43 -44 -45 -46 58 56 -49 49 -51 51 -53 -54 -55 -56 -57 -58 -59 -60 -61 -62 -63
leaf_value=-2.1932907141209412 -2.0405541409522323 -1.9968841391107788 -2.1616749514880373 -2.1292400456458673 -2.1750572057915964 -2.0483650219626823 -2.0632460554561423 -2.3011373915183384 -2.2202732189066654 -2.1203611924786139 -2.2713988218627961 -2.1978074001717887 -2.0883123178948426 -2.192090086543145 -2.1879473765904009 -2.0051226583943711 -2.1679859385072189 -2.2703725125902023 -2.1586859207878133 -2.1649029754772013 -2.294833113733513 -2.2660920054929319 -1.9751808306804859 -1.989178076279674 -2.3003170528714021 -2.2242171640739943 -2.246148333905067 -2.1714147862971029 -2.1873837974005537 -2.3226273884145288 -2.32509485748658 -2.2020108006482881 -2.0462888018427718 -2.2197295927292346 -2.2535476342170546 -2.3278527973929255 -2.3206866310215721 -2.2206763368033777 -2.279944761336739 -2.2709412583129511 -2.3204401344662355 -2.2151363469021446 -2.2161295221254047 -2.301693469986017 -2.3322553697296065 -2.3299203507789583 -2.3308014056131738 -2.0155594539170805 -2.2202366290482387 -2.3038824825207724 -2.3056716931180974 -2.2487143433148664 -2.2662595932161915 -2.2363076997589695 -2.3343337626610414 -2.3143286453960354 -2.3030882525013232 -2.2951361510271115 -2.2943983009104492 -2.2594739172606007 -2.3279030492757502 -2.2765296975777516
leaf_weight=58.264462515711784 65.20661224424839 259.50413596630096 56.115702375769615 41.322314113378525 59.008264273405075 83.719009056687355 91.652893289923668 34.793387874960899 46.115702122449875 59.090909227728844 32.231404542922974 31.900826275348663 42.809917598962784 57.76859475672245 31.735537052154541 64.462810814380646 63.636363476514816 40.909090384840965 28.016528889536858 50.165289148688316 29.256197899580002 42.644627571105957 588.42976176738739 496.19835460186005 25.454545050859451 42.396693870425224 42.975206166505814 26.611570179462433 29.586776733398438 47.851238802075386 30.743801087141037 26.198346957564354 80.000000774860382 27.768594831228256 32.314049229025841 42.066114917397499 41.487602561712265 46.28099137544632 42.727272137999535 27.355371549725533 80.413221701979637 31.652892336249352 49.504131868481636 26.528925195336342 99.008262574672699 110.7437995672226 507.60329619050026 280.33058202266693 30.495867535471916 28.429751604795456 50.247933059930801 23.553718760609627 51.404958039522171 26.528925374150276 25.371900334954262 42.892561241984367 36.94214816391468 22.066115364432335 21.652892231941223 27.024793073534966 159.50412926077843 24.958677351474762
leaf_count=453 204 494 382 239 426 284 353 385 396 328 327 251 194 447 240 132 446 414 186 346 318 426 748 838 281 369 403 187 223 561 363 209 266 237 310 500 484 398 445 277 937 266 419 294 1189 1322 6070 692 261 317 563 222 514 240 307 492 411 240 235 264 1894 257
internal_value=-2.30259 -2.23437 -2.25561 -2.19842 -2.28372 -2.16808 -2.00139 -2.29269 -2.18627 -2.15341 -2.26165 -2.26657 -2.18216 -2.1095 -2.31075 -2.06831 -2.10197 -2.27751 -2.26483 -2.22744 -2.21871 -2.20578 -1.99267 -2.00489 -2.27201 -2.17585 -2.19738 -2.2436 -2.25527 -2.26977 -2.22946 -2.26771 -2.07623 -2.30003 -2.31463 -2.27815 -2.27228 -2.26593 -2.2739 -2.31665 -2.30448 -2.25948 -2.24787 -2.25904 -2.31719 -2.3113 -2.32494 -2.02664 -2.28976 -2.25994 -2.31341 -2.28702 -2.2439 -2.26632 -2.30582 -2.29711 -2.3276 -2.3293 -2.32409 -2.27887 -2.32079 -2.30989
internal_weight=0 3173.72 2914.21 959.421 1954.79 647.521 1649.92 1797.19 563.802 312.066 311.901 734.05 157.603 196.86 1063.14 193.306 128.843 634.959 461.653 251.736 114.793 126.364 1456.61 868.182 433.636 83.719 99.0909 201.57 174.959 145.372 115.207 56.9421 139.091 185.537 1031.4 401.736 359.669 318.182 271.901 999.091 405.124 66.4463 101.983 54.2975 131.24 173.306 593.967 371.983 169.917 58.9256 338.678 73.8017 97.5207 55.7851 110.992 85.6198 566.612 529.669 132.397 52.4793 264.876 105.372
internal_count=32176 28763 28269 7658 20611 4577 3413 19433 4293 2066 3081 7361 1178 1041 12072 782 650 6576 4605 2227 984 1034 2631 1883 4419 608 785 1881 1694 1471 1025 572 594 2047 11832 4168 3668 3184 2786 11522 4524 651 964 531 1516 1971 6998 1045 1822 578 3873 785 910 558 1244 937 6721 6310 1557 545 3088 1194
is_linear=0
shrinkage=1


end of trees

feature_importances:
Column_65=19
Column_17=10
Column_14=7
Column_64=7
Column_13=5
Column_36=4
Column_33=3
Column_38=3
Column_9=1
Column_12=1
Column_34=1
Column_62=1

parameters:
[boosting: gbdt]
[objective: binary]
[metric: average_precision,binary_logloss]
[tree_learner: serial]
[device_type: cpu]
[data_sample_strategy: bagging]
[data: ]
[valid: ]
[num_iterations: 600]
[learning_rate: 0.03]
[num_leaves: 63]
[num_threads: 20]
[seed: 0]
[deterministic: 0]
[force_col_wise: 0]
[force_row_wise: 0]
[histogram_pool_size: -1]
[max_depth: -1]
[min_data_in_leaf: 256]
[min_sum_hessian_in_leaf: 0.001]
[bagging_fraction: 0.8]
[pos_bagging_fraction: 1]
[neg_bagging_fraction: 1]
[bagging_freq: 1]
[bagging_seed: 3]
[feature_fraction: 0.8]
[feature_fraction_bynode: 1]
[feature_fraction_seed: 2]
[extra_trees: 0]
[extra_seed: 6]
[early_stopping_round: 0]
[early_stopping_min_delta: 0]
[first_metric_only: 0]
[max_delta_step: 0]
[lambda_l1: 0]
[lambda_l2: 1]
[linear_lambda: 0]
[min_gain_to_split: 0]
[drop_rate: 0.1]
[max_drop: 50]
[skip_drop: 0.5]
[xgboost_dart_mode: 0]
[uniform_drop: 0]
[drop_seed: 4]
[top_rate: 0.2]
[other_rate: 0.1]
[min_data_per_group: 100]
[max_cat_threshold: 32]
[cat_l2: 10]
[cat_smooth: 10]
[max_cat_to_onehot: 4]
[top_k: 20]
[monotone_constraints: ]
[monotone_constraints_method: basic]
[monotone_penalty: 0]
[feature_contri: ]
[forcedsplits_filename: ]
[refit_decay_rate: 0.9]
[cegb_tradeoff: 1]
[cegb_penalty_split: 0]
[cegb_penalty_feature_lazy: ]
[cegb_penalty_feature_coupled: ]
[path_smooth: 0]
[interaction_constraints: ]
[verbosity: -1]
[saved_feature_importance_type: 0]
[use_quantized_grad: 0]
[num_grad_quant_bins: 4]
[quant_train_renew_leaf: 0]
[stochastic_rounding: 1]
[linear_tree: 0]
[max_bin: 255]
[max_bin_by_feature: ]
[min_data_in_bin: 3]
[bin_construct_sample_cnt: 200000]
[data_random_seed: 1]
[is_enable_sparse: 1]
[enable_bundle: 1]
[use_missing: 1]
[zero_as_missing: 0]
[feature_pre_filter: 1]
[pre_partition: 0]
[two_round: 0]
[header: 0]
[label_column: ]
[weight_column: ]
[group_column: ]
[ignore_column: ]
[categorical_feature: ]
[forcedbins_filename: ]
[precise_float_parser: 0]
[parser_config_file: ]
[objective_seed: 5]
[num_class: 1]
[is_unbalance: 0]
[scale_pos_weight: 10]
[sigmoid: 1]
[boost_from_average: 1]
[reg_sqrt: 0]
[alpha: 0.9]
[fair_c: 1]
[poisson_max_delta_step: 0.7]
[tweedie_variance_power: 1.5]
[lambdarank_truncation_level: 30]
[lambdarank_norm: 1]
[label_gain: ]
[lambdarank_position_bias_regularization: 0]
[eval_at: ]
[multi_error_top_k: 1]
[auc_mu_weights: ]
[num_machines: 1]
[local_listen_port: 12400]
[time_out: 120]
[machine_list_filename: ]
[machines: ]
[gpu_platform_id: -1]
[gpu_device_id: -1]
[gpu_use_dp: 0]
[num_gpu: 1]

end of parameters

pandas_categorical:null
